1
2
4
6
7
8
9
10
11
12
13
14
15
16
17
20
21
22
23
24
25
26
27
28
29
30
31
32
33
34
35
36
38
39
40
41
42
44
45
46
47
48
53
54
55
62
63
64
65
66
67
70
71
72
73
74
75
77
79
80
81
82
83
84
85
86
87
88
92
94
97
130
133
138
147
152
160
161
162
166
167
168
172
174
185
188
191
196
200
201
203
209
210
221
230
237
239
269
270
276
278
279
280
281
291
292
293
294
295
301
304
306
311
313
314
320
321
323
324
327
328
330
331
382
394
396
400
410
416
419
423
427
431
434
438
439
441
446
449
450
458
464
465
466
467
468
469
470
471
472
473
474
475
476
477
478
479
480
481
482
483
484
485
486
487
488
489
490
491
526
527
528
532
533
534
535
536
538
539
540
543
544
545
549
550
551
552
553
554
555
556
557
558
559
560
561
562
563
564
565
566
567
568
569
570
571
572
573
574
575
577
578
579
580
581
582
583
584
585
586
587
588
589
590
591
592
593
594
595
596
597
598
599
600
601
602
603
604
605
606
607
608
610
612
614
618
619
621
627
631
637
639
646
647
649
650
654
655
659
665
669
670
675
676
678
693
694
697
698
701
702
703
705
730
731
742
747
749
761
768
770
772
786
790
800
806
809
812
818
822
828
841
842
848
873
887
901
905
942
949
951
968
972
974
993
994
998
1000
1013
1057
1074
1082
1084
1085
1086
1089
1094
1095
1097
1107
1109
1111
1115
1116
1117
1121
1123
1126
1127
1128
1129
1133
1139
1164
1172
1176
1177
1184
1186
1197
1204
1214
1218
1222
1227
1236
1244
1245
1253
1257
1258
1264
1269
1273
1279
1284
1286
1289
1297
1298
1304
1311
1318
1321
1325
1326
1330
1331
1336
1337
1366
1367
1375
1378
1394
1395
1398
1400
1401
1402
1403
1404
1411
1412
1417
1420
1421
1433
1439
1443
1447
1448
1450
1454
1456
1457
1462
1463
1466
1468
1479
1484
1486
1487
1492
1501
1503
1507
1511
1515
1518
1524
1528
1530
1531
1536
1537
1538
1539
1548
1550
1551
1553
1554
1556
1557
1559
1564
1565
1579
1588
1595
1596
1597
1601
1604
1613
1614
1619
1620
1621
1622
1627
1628
1633
1635
1636
1642
1644
1646
1653
1654
1666
1667
1675
1683
1686
1706
1718
1728
1731
1737
1738
1742
1743
1759
1760
1764
1765
1774
1790
1791
1792
1793
1794
1812
1820
1821
1822
1823
1824
1840
1841
1842
1847
1854
1856
1859
1860
1861
1870
1875
1878
1884
1885
1886
1891
1893
1894
1895
1897
1898
1900
1903
1904
1908
1912
1919
1920
1924
1928
1932
1936
1937
1939
1940
1942
1950
1960
1963
1965
1970
1979
1998
1999
2000
2001
2004
2027
2028
2030
2042
2043
2051
2058
2059
2061
2063
2064
2065
2067
2068
2076
2077
2078
2079
2080
2081
2082
2083
2084
2085
2086
2087
2088
2089
2090
2091
2092
2093
2094
2095
2096
2097
2098
2099
2100
2101
2105
2106
2107
2110
2121
2122
2131
2132
2137
2138
2142
2143
2144
2150
2153
2157
2176
2181
2185
2186
2189
2192
2193
2198
2199
2200
2202
2204
2212
2213
2215
2227
2231
2233
2234
2239
2241
2247
2274
2275
2276
2277
2279
2280
2281
2283
2286
2288
2289
2290
2291
2292
2297
2304
2308
2309
2311
2316
2319
2325
2331
2339
2341
2343
2345
2348
2353
2354
2362
2364
2384
2385
2386
2391
2395
2396
2397
2399
2400
2401
2402
2403
2405
2406
2413
2414
2415
2422
2423
2424
2425
2438
2449
2450
2451
2452
2456
2462
2463
2464
2467
2468
2470
2475
2476
2477
2478
2479
2480
2481
2484
2485
2487
2488
2489
2490
2491
2492
2493
2494
2495
2496
2497
2498
2499
2505
2507
2511
2517
2518
2525
2529
2532
2534
2536
2538
2542
2547
2553
2557
2559
2561
2562
2571
2574
2576
2584
2586
2591
2597
2598
2599
2605
2612
2613
2618
2621
2627
2628
2632
2634
2653
2659
2662
2665
2669
2670
2675
2679
2690
2702
2704
2709
2717
2724
2728
2730
2731
2732
2733
2734
2735
2738
2740
2741
2748
2750
2751
2752
2758
2760
2762
2766
2768
2769
2771
2774
2780
2781
2782
2786
2790
2791
2792
2804
2807
2817
2822
2825
2829
2838
2862
2864
2869
2871
2874
2877
2899
2932
2937
2940
2972
2973
2974
2975
2979
2980
2981
2984
2986
2997
2999
3003
3008
3013
3015
3016
3017
3018
3020
3022
3028
3030
3031
3033
3035
3040
3041
3044
3053
3061
3062
3063
3068
3073
3077
3079
3085
3121
3122
3123
3125
3130
3142
3143
3146
3147
3165
3166
3171
3172
3173
3174
3179
3185
3189
3193
3196
3197
3198
3199
3208
3211
3212
3216
3222
3226
3229
3230
3232
3233
3235
3237
3238
3239
3247
3251
3266
3269
3282
3283
3285
3286
3288
3289
3290
3291
3292
3293
3298
3300
3302
3303
3311
3313
3314
3315
3322
3323
3330
3331
3333
3341
3342
3343
3352
3353
3356
3360
3383
3384
3385
3389
3390
3391
3397
3400
3403
3409
3410
3412
3422
3423
3424
3428
3433
3435
3437
3442
3450
3456
3465
3485
3492
3496
3501
3504
3512
3513
3516
3517
3518
3535
3556
3560
3565
3566
3568
3569
3570
3571
3572
3576
3579
3583
3584
3590
3593
3598
3604
3630
3631
3632
3634
3636
3645
3649
3661
3662
3663
3664
3665
3666
3667
3668
3669
3670
3671
3672
3673
3674
3675
3676
3677
3678
3679
3680
3681
3682
3683
3684
3687
3701
3709
3710
3728
3729
3730
3733
3734
3735
3736
3739
3740
3752
3759
3762
3763
3764
3768
3771
3778
3798
3804
3807
3809
3814
3822
3828
3831
3832
3835
3838
3847
3850
3851
3878
3881
3888
3893
3903
3906
3908
3909
3914
3919
3921
3923
3925
3926
3929
3930
3931
3933
3936
3938
3939
3952
3953
3963
3965
3966
3969
3971
3974
3975
3976
3977
3985
3994
3995
4001
4002
4003
4004
4007
4008
4010
4011
4012
4016
4019
4020
4024
4026
4029
4032
4043
4046
4048
4049
4050
4052
4054
4057
4058
4059
4088
4091
4099
4101
4103
4111
4114
4115
4123
4128
4137
4144
4149
4157
4159
4166
4168
4169
4170
4179
4188
4189
4192
4199
4200
